function CFUs=OD2CFU(ODs)

    b1=1002614811.71;
    b2=12526559.79;
    CFUs=b1.*ODs+b2;